methods: 'AR', 'ARIMA', 'AR_spatial', 'ENKF', 'lstm'

04013 2021-02-28
means:   [ 601.10408002 -823.74992667  295.86339524  618.32054247   97.39563457]
stddevs: [266.22387227 195.25500493 199.24605561 255.50519702 185.30242521]
exact:   [593.8201577108341, -800.7598110579482, 328.33063426219115, 575.2901031749628, 92.25264154211763]
BMA weights:  [1.76629321e-06 9.26768888e-01 3.91479238e-02 9.19211347e-11
 3.40814215e-02]

06037 2021-02-28
means:   [ -137.72872483  3483.04207407 -2627.44266642  2705.18481354
  -143.31388754]
stddevs: [ 362.15967574  658.80450961  603.23329545 1021.88577174  518.16626181]
exact:   [-149.34823254408244, 3481.764955782812, -2444.17944322043, 2528.8719332354967, -137.3676044315033]
BMA weights:  [0.01159222 0.5228439  0.45579917 0.00099548 0.00876923]

06059 2021-02-28
means:   [ 40.69538625 350.56861469 124.30345194 -68.66700312  96.12046178]
stddevs: [ 69.85268194 131.97727042  89.45274418  97.38384637  71.25427442]
exact:   [45.75287293734089, 335.750123269225, 123.90001679368461, -60.8508566335291, 98.4687551701944]
BMA weights:  [0.06249623 0.02156424 0.86074387 0.0339705  0.02122516]

06065 2021-02-28
means:   [  90.51672961 -785.85352352  142.69653737  846.31223954  227.22290355]
stddevs: [168.68723333 172.34125799 182.05802289 307.1506122  154.18426884]
exact:   [140.69037568756534, -758.5174759288612, 161.1044301666788, 729.6124424356482, 248.0051141954199]
BMA weights:  [1.44679452e-01 4.94235185e-01 1.83485150e-01 3.91607977e-04
 1.77208605e-01]

06073 2021-02-28
means:   [ -56.60493309  442.08046396 -669.5052402   730.81569219  -94.45836264]
stddevs: [135.8409154  214.56646624 208.69468169 319.48800082 176.68243466]
exact:   [-67.14680038491336, 441.3806173020628, -665.447815314869, 722.337297683446, -78.79567906826303]
BMA weights:  [9.25171235e-04 3.87497691e-01 6.10243987e-01 1.31507264e-06
 1.33183567e-03]

17031 2021-02-28
means:   [ -20.06889365  281.49378718 -386.94982282  307.19406503   39.36504849]
stddevs: [ 64.21588983 110.15396965  87.98794821 134.63652031  90.91548337]
exact:   [-10.252873736250546, 283.5593137429605, -396.9403655651301, 303.81586242197835, 40.852247362929795]
BMA weights:  [2.54223744e-04 3.64793865e-03 5.53064950e-01 4.09258918e-06
 4.43028795e-01]

36047 2021-02-28
means:   [-18.29544792 269.17297132  50.68215693 503.98555324 -64.89693512]
stddevs: [ 96.84960121 123.84570465 126.45872889 219.81131287 118.54558909]
exact:   [-27.28484139448019, 251.79767639756432, 56.73804958633238, 518.1299975286523, -58.73258367339137]
BMA weights:  [6.22963339e-05 2.86821786e-04 1.71464058e-02 1.36225208e-08
 9.82504462e-01]

48113 2021-02-28
means:   [ 353.20866003  -32.85532491   51.27144609  182.98456233 -125.54734002]
stddevs: [159.43524616 102.26588479 100.84658736 105.54401923  93.73508678]
exact:   [387.13148406207085, -33.50653131978337, 43.15311790338592, 168.19896955164361, -135.9150366692514]
BMA weights:  [1.35506518e-07 8.53219133e-01 1.46776360e-01 2.02704717e-06
 2.34438292e-06]

48201 2021-02-28
means:   [ 879.11997267  894.46612287  723.41418353  285.16894418 1271.67479471]
stddevs: [353.3198395  349.10547765 363.61624183 248.45319642 426.80811628]
exact:   [801.5456667979182, 941.7553828999883, 765.7381486119143, 325.6930239366598, 1219.1117957158974]
BMA weights:  [4.38927754e-06 6.48033320e-02 9.34641115e-01 7.25581375e-05
 4.78605174e-04]